{
	"isPlaceEggsEnabled": true,
	"allayEggDropChance": 0.03999999910593033,
	"armadilloEggDropChance": 0.03999999910593033,
	"breezeEggDropChance": 0.03999999910593033,
	"camelEggDropChance": 0.03999999910593033,
	"catEggDropChance": 0.03999999910593033,
	"creakingEggDropChance": 0.03999999910593033,
	"dolphinEggDropChance": 0.03999999910593033,
	"elderGuardianEggDropChance": 0.03999999910593033,
	"endermiteEggDropChance": 0.03999999910593033,
	"evokerEggDropChance": 0.03999999910593033,
	"foxEggDropChance": 0.03999999910593033,
	"ironGolemEggDropChance": 0.03999999910593033,
	"pandaEggDropChance": 0.03999999910593033,
	"polarBearEggDropChance": 0.03999999910593033,
	"pufferfishEggDropChance": 0.03999999910593033,
	"ravagerEggDropChance": 0.03999999910593033,
	"skeletonHorseEggDropChance": 0.03999999910593033,
	"snifferEggDropChance": 0.03999999910593033,
	"striderEggDropChance": 0.03999999910593033,
	"traderLlamaEggDropChance": 0.03999999910593033,
	"wanderingTraderEggDropChance": 0.03999999910593033,
	"wardenEggDropChance": 0.03999999910593033,
	"enderDragonEggDropChance": 0.03999999910593033,
	"witherEggDropChance": 0.03999999910593033,
	"zoglinEggDropChance": 0.03999999910593033,
	"zombieHorseEggDropChance": 0.03999999910593033,
	"axolotlEggDropChance": 0.019999999552965164,
	"tadpoleEggDropChance": 0.019999999552965164,
	"batEggDropChance": 0.019999999552965164,
	"beeEggDropChance": 0.019999999552965164,
	"boggedEggDropChance": 0.019999999552965164,
	"donkeyEggDropChance": 0.019999999552965164,
	"frogEggDropChance": 0.019999999552965164,
	"ghastEggDropChance": 0.019999999552965164,
	"glowSquidEggDropChance": 0.019999999552965164,
	"goatEggDropChance": 0.019999999552965164,
	"guardianEggDropChance": 0.019999999552965164,
	"hoglinEggDropChance": 0.019999999552965164,
	"horseEggDropChance": 0.019999999552965164,
	"llamaEggDropChance": 0.019999999552965164,
	"mooshroomEggDropChance": 0.019999999552965164,
	"muleEggDropChance": 0.019999999552965164,
	"ocelotEggDropChance": 0.019999999552965164,
	"parrotEggDropChance": 0.019999999552965164,
	"phantomEggDropChance": 0.019999999552965164,
	"rabbitEggDropChance": 0.019999999552965164,
	"shulkerEggDropChance": 0.019999999552965164,
	"snowGolemEggDropChance": 0.019999999552965164,
	"strayEggDropChance": 0.019999999552965164,
	"tropicalFishEggDropChance": 0.019999999552965164,
	"turtleEggDropChance": 0.019999999552965164,
	"vexEggDropChance": 0.019999999552965164,
	"villagerEggDropChance": 0.019999999552965164,
	"wolfEggDropChance": 0.019999999552965164,
	"codEggDropChance": 0.019999999552965164,
	"salmonEggDropChance": 0.019999999552965164,
	"blazeEggDropChance": 0.009999999776482582,
	"caveSpiderEggDropChance": 0.009999999776482582,
	"huskEggDropChance": 0.009999999776482582,
	"piglinBruteEggDropChance": 0.009999999776482582,
	"pillagerEggDropChance": 0.009999999776482582,
	"silverfishEggDropChance": 0.009999999776482582,
	"squidEggDropChance": 0.009999999776482582,
	"vindicatorEggDropChance": 0.009999999776482582,
	"witchEggDropChance": 0.009999999776482582,
	"witherSkeletonEggDropChance": 0.009999999776482582,
	"zombieVillagerEggDropChance": 0.009999999776482582,
	"drownedEggDropChance": 0.004000000189989805,
	"endermanEggDropChance": 0.004000000189989805,
	"piglinEggDropChance": 0.004000000189989805,
	"zombifiedPiglinEggDropChance": 0.004000000189989805,
	"chickenEggDropChance": 0.0020000000949949026,
	"cowEggDropChance": 0.0020000000949949026,
	"creeperEggDropChance": 0.0020000000949949026,
	"magmaCubeEggDropChance": 0.0020000000949949026,
	"pigEggDropChance": 0.0020000000949949026,
	"slimeEggDropChance": 0.0020000000949949026,
	"spiderEggDropChance": 0.0020000000949949026,
	"zombieEggDropChance": 0.0020000000949949026,
	"skeletonEggDropChance": 0.0020000000949949026,
	"sheepEggDropChance": 0.0020000000949949026
}